eQTL_GTEx.gene_name	eQTL_GTEx.variant_id	eQTL_GTEx.ma_samples	eQTL_GTEx.ma_count	eQTL_GTEx.af	eQTL_GTEx.pval_nominal	eQTL_GTEx.slope	eQTL_GTEx.slope_se	eQTL_GTEx.pval_perm	eQTL_GTEx.pval_beta	eQTL_GTEx.qval	eQTL_GTEx.pval_nominal_threshold	eQTL_GTEx.afc	eQTL_GTEx.afc_se	eQTL_GTEx.Tissue
BRCA2	chr13_32314572_C_T	476	597	0.373125	0.000139229	-0.0990609	0.0258653	0.244276	0.243326	0.0847022	0.000146759	-0.31664747	0.08312942	Whole_Blood
BRCA2	chr13_32838674_G_A	8	8	0.0235294	0.000553715	-0.500101	0.141254	0.564144	0.55744	0.356483	2.62533e-05	-0.51920694	0.7035651	Vagina
BRCA2	chr13_32316435_G_A	59	64	0.210526	0.00052473	-0.398318	0.111562	0.554745	0.550716	0.367917	2.58632e-05	-0.6556464	0.16885783	Uterus
BRCA2	chr13_32315889_C_T	265	295	0.216593	4.71841e-13	-0.291031	0.0393608	9.999e-05	3.31955e-09	2.26508e-09	0.000238554	-0.38304454	0.11188137	Thyroid
BRCA2	chr13_32081226_C_T	6	6	0.00726392	0.000351215	0.451575	0.125077	0.467453	0.461048	0.155412	0.000158853	0.6581816	0.30458775	Testis
BRCA2	chr13_32164928_C_A	158	183	0.224816	0.000356589	-0.112528	0.0311967	0.474553	0.469969	0.213607	8.86282e-05	0.0149411755	0.15292473	Stomach
BRCA2	chr13_32307365_A_G	163	206	0.371841	5.22382e-10	-0.20257	0.0311642	9.999e-05	2.39775e-06	3.78662e-06	0.000105089	-0.26905426	0.117301226	Spleen
BRCA2	chr13_32097931_A_T	4	4	0.00970874	0.000321377	0.580885	0.158089	0.418158	0.415068	0.253521	3.97464e-05	-0.15330671	1.0905513	Small_Intestine_Terminal_Ileum
BRCA2	chr13_31737559_C_T	269	292	0.805593	0.000870705	0.0879477	0.0262993	0.767823	0.768751	0.158421	0.000263195	0.10745822	0.093242265	Skin_Sun_Exposed_Lower_leg
BRCA2	chr13_32337326_A_G	49	49	0.0377504	0.000238001	-0.258357	0.0698643	0.369063	0.36374	0.105735	0.000209946	-0.4635704	0.19306703	Skin_Not_Sun_Exposed_Suprapubic
BRCA2	chr13_32316435_G_A	114	127	0.225979	0.000164732	-0.216262	0.0564394	0.253975	0.254684	0.169967	7.08258e-05	-0.2771416	0.15023918	Prostate
BRCA2	chr13_32315889_C_T	126	139	0.223473	1.60957e-09	-0.432764	0.0691274	9.999e-05	5.53894e-06	1.07153e-05	8.88577e-05	-0.53084254	0.14838026	Pituitary
BRCA2	chr13_32315889_C_T	138	156	0.21547	2.61234e-05	-0.238884	0.0559045	0.0493951	0.0553673	0.0393616	0.000108229	-0.105249435	0.13154003	Pancreas
BRCA2	chr13_32315831_G_A	79	97	0.747396	0.00031916	-0.242733	0.0659063	0.407759	0.406531	0.304681	2.96493e-05	-0.03714364	0.14510734	Ovary
BRCA2	chr13_32315889_C_T	269	303	0.227136	2.83917e-10	-0.257397	0.0401141	9.999e-05	1.29431e-06	6.92984e-07	0.000266266	-0.19228378	0.07990487	Nerve_Tibial
BRCA2	chr13_32820596_C_G	33	43	0.119444	6.40799e-06	0.378453	0.0806849	0.0119988	0.0133433	0.0255627	4.52064e-05	0.09095383	0.19796014	Minor_Salivary_Gland
BRCA2	chr13_32326796_T_A	324	391	0.325291	1.05647e-12	-0.176284	0.0241482	9.999e-05	8.4026e-09	1.03338e-08	0.000147825	-0.328412	0.10046209	Lung
BRCA2	chr13_32660991_A_T	14	14	0.0268199	0.000375119	-0.651622	0.180165	0.461754	0.454866	0.270257	4.94238e-05	-1.0978582	0.55666447	Liver
BRCA2	chr13_32189946_T_A	6	6	0.0291262	0.000902772	0.876363	0.253899	0.678732	0.679558	0.468133	1.42383e-05	1.884859	0.8856755	Kidney_Cortex
BRCA2	chr13_32826963_C_T	63	71	0.0771739	0.000928521	-0.272743	0.0817353	0.780622	0.778671	0.259116	0.000117916	-0.70624226	0.18232496	Heart_Atrial_Appendage
BRCA2	chr13_32315889_C_T	220	245	0.21836	3.02885e-05	-0.193253	0.0458959	0.060094	0.0635659	0.0276653	0.000191202	-0.48304272	0.11726752	Esophagus_Muscularis
BRCA2	chr13_32315655_A_G	196	221	0.179967	9.73321e-10	-0.120957	0.0194365	9.999e-05	4.61398e-06	3.26002e-06	0.000211585	-0.21368526	0.13949987	Esophagus_Mucosa
BRCA2	chr13_32305058_G_A	240	302	0.37469	7.33034e-10	-0.289482	0.0456352	9.999e-05	3.55531e-06	5.24501e-06	8.76627e-05	-0.32052484	0.10871294	Esophagus_Gastroesophageal_Junction
BRCA2	chr13_32376974_A_C	176	203	0.212343	9.98175e-05	-0.0912725	0.0232254	0.176882	0.176747	0.0894841	0.000117356	-0.2596497	0.11672096	Colon_Transverse
BRCA2	chr13_31967990_C_T	55	55	0.934211	0.000124208	-0.348836	0.0898721	0.212679	0.209219	0.104136	0.000112602	-0.45488322	0.19032666	Colon_Sigmoid
BRCA2	chr13_32315655_A_G	111	120	0.184049	7.26219e-21	-0.360783	0.0353943	9.999e-05	1.79238e-16	6.03017e-16	9.43989e-05	-0.20054467	0.080597006	Cells_EBV-transformed_lymphocytes
BRCA2	chr13_32311521_G_A	212	236	0.181818	7.69633e-12	-0.12943	0.0185217	9.999e-05	5.40219e-08	2.89391e-08	0.000278316	0.13995308	0.122039415	Cells_Cultured_fibroblasts
BRCA2	chr13_32315889_C_T	192	212	0.207436	2.42727e-05	-0.167314	0.0392117	0.050095	0.0516843	0.0374671	9.46177e-05	-0.18189573	0.10904416	Breast_Mammary_Tissue
BRCA2	chr13_32803833_G_A	10	10	0.0273224	0.000537151	0.902916	0.254938	0.547945	0.539424	0.335931	3.26103e-05	1.2421194	0.59732085	Brain_Substantia_nigra
BRCA2	chr13_33099244_C_T	4	5	0.0123153	0.000353882	-1.0292	0.282039	0.415258	0.413402	0.243684	5.72324e-05	-1.1276186	0.6583939	Brain_Spinal_cord_cervical_c-1
BRCA2	chr13_33026446_T_TG	218	282	0.503521	0.0016824	0.243969	0.0767462	0.909109	0.909001	0.325512	9.49429e-05	0.31794703	0.10832732	Brain_Nucleus_accumbens_basal_ganglia
BRCA2	chr13_33023704_A_AT	80	85	0.166016	0.00059762	-0.348183	0.0998214	0.60444	0.59977	0.293802	6.31072e-05	-0.37795973	0.16205749	Brain_Hypothalamus
BRCA2	chr13_32319654_A_G	195	259	0.516791	7.19854e-05	-0.275753	0.0681026	0.118588	0.119445	0.0708695	9.69056e-05	-0.20911364	0.113405995	Brain_Frontal_Cortex_BA9
BRCA2	chr13_32402221_G_A	75	82	0.152985	0.000912758	-0.344681	0.102479	0.745425	0.740581	0.246453	0.000106959	-0.48240373	0.16154264	Brain_Cortex
BRCA2	chr13_33046936_C_T	7	7	0.0132576	0.000425523	-1.16289	0.324729	0.49645	0.490171	0.185455	0.000120699	-1.57227	0.47037748	Brain_Cerebellum
BRCA2	chr13_32412298_G_A	5	5	0.00905797	0.00036337	1.34886	0.372465	0.453255	0.445505	0.17788	0.000118453	1.1677748	0.5498389	Brain_Cerebellar_Hemisphere
BRCA2	chr13_33106523_G_A	68	70	0.11745	0.000135009	0.410602	0.105848	0.222278	0.21678	0.106208	0.000102194	0.33711705	0.16795363	Brain_Caudate_basal_ganglia
BRCA2	chr13_31359820_G_A	32	34	0.779221	8.26606e-05	0.423059	0.0990309	0.0862914	0.0897924	0.249283	1.01952e-05	-0.051629588	0.38523898	Bladder
BRCA2	chr13_32316435_G_A	284	320	0.232221	9.48925e-29	-0.409735	0.0349901	9.999e-05	7.41795e-24	1.26069e-23	0.000219172	-0.6908358	0.1046708	Artery_Tibial
BRCA2	chr13_32315889_C_T	107	120	0.223881	2.46975e-08	-0.305134	0.0526788	0.00019998	8.04743e-05	0.000193283	5.92258e-05	-0.5228254	0.18488488	Artery_Coronary
BRCA2	chr13_32316435_G_A	195	218	0.230932	1.02848e-32	-0.532729	0.0408107	9.999e-05	9.11777e-27	3.64711e-26	0.000149406	-0.92512405	0.109265015	Artery_Aorta
BRCA2	chr13_31383897_G_A	7	7	0.0118644	4.51879e-05	0.814651	0.196046	0.0847915	0.0836622	0.0652949	7.61778e-05	1.4190128	0.7299283	Adrenal_Gland
BRCA2	chr13_32316435_G_A	232	255	0.218322	5.83523e-12	-0.216767	0.0307518	9.999e-05	4.43191e-08	5.96643e-08	0.00013183	-0.57707363	0.12823075	Adipose_Visceral_Omentum
BRCA2	chr13_32315889_C_T	285	315	0.221519	5.571e-17	-0.260611	0.030262	9.999e-05	7.88302e-13	8.34152e-13	0.000197084	-0.42359847	0.090094134	Adipose_Subcutaneous
