eQTL_GTEx.gene_name	eQTL_GTEx.variant_id	eQTL_GTEx.ma_samples	eQTL_GTEx.ma_count	eQTL_GTEx.af	eQTL_GTEx.pval_nominal	eQTL_GTEx.slope	eQTL_GTEx.slope_se	eQTL_GTEx.pval_perm	eQTL_GTEx.pval_beta	eQTL_GTEx.qval	eQTL_GTEx.pval_nominal_threshold	eQTL_GTEx.afc	eQTL_GTEx.afc_se	eQTL_GTEx.Tissue
APOB	chr2_21374000_T_C	5	5	0.0147059	0.000125021	1.40226	0.354621	0.182582	0.18603	0.207351	2.64585e-05	2.313269	1.1788484	Vagina
APOB	chr2_20455315_G_T	4	5	0.0164474	0.00170018	1.03032	0.320458	0.912009	0.913939	0.468733	2.60129e-05	2.0065925	1.050243	Uterus
APOB	chr2_21046937_A_G	493	658	0.483113	0.000106229	0.171363	0.0439227	0.20028	0.199884	0.0569762	0.000246674	0.55173534	0.14472146	Thyroid
APOB	chr2_20084979_T_C	39	40	0.0484262	8.9114e-05	-0.450438	0.113588	0.167283	0.16643	0.0700893	0.000144455	-0.9793699	0.28552	Testis
APOB	chr2_20499865_G_A	202	239	0.293612	0.000370971	0.18731	0.0520831	0.513249	0.502772	0.223127	8.98669e-05	0.4563614	0.16653766	Stomach
APOB	chr2_20657676_T_C	3	3	0.00541516	2.41024e-05	-1.56991	0.363884	0.0513949	0.0523152	0.0362585	9.99882e-05	-2.4875565	1.4785236	Spleen
APOB	chr2_20118179_T_C	9	10	0.0242718	0.000402429	0.329956	0.091353	0.520448	0.513945	0.285552	4.96834e-05	0.36144677	1.4464183	Small_Intestine_Terminal_Ileum
APOB	chr2_21037729_G_A	155	168	0.888149	1.07419e-77	-0.858563	0.0402561	9.999e-05	4.78681e-69	2.85179e-68	0.000229561	-3.2624516	0.22177513	Skin_Sun_Exposed_Lower_leg
APOB	chr2_21037729_G_A	131	142	0.890601	6.81429e-49	-0.815472	0.0503764	9.999e-05	3.00552e-42	1.3132e-41	0.000186743	-2.59659	0.2539128	Skin_Not_Sun_Exposed_Suprapubic
APOB	chr2_20578049_C_G	31	33	0.0587189	3.37733e-05	-0.492786	0.116471	0.0709929	0.0723684	0.0712819	6.8804e-05	-0.9515071	0.4911745	Prostate
APOB	chr2_21163742_T_C	11	11	0.0176849	3.79187e-05	0.93159	0.222164	0.0714929	0.0744774	0.0614786	8.32316e-05	1.5070282	0.67183626	Pituitary
APOB	chr2_20859098_T_C	13	13	0.0179558	0.000900843	0.772134	0.230194	0.788121	0.784802	0.286926	9.09209e-05	2.1824865	0.68148285	Pancreas
APOB	chr2_20501424_A_C	45	50	0.869792	0.000106194	-0.387729	0.0974223	0.182282	0.178108	0.190585	3.85204e-05	-1.050316	0.3394731	Ovary
APOB	chr2_21087355_AATG_A	477	622	0.466267	2.04142e-16	0.270738	0.0319966	9.999e-05	3.1835e-12	2.48786e-12	0.000240652	0.6121857	0.11223777	Nerve_Tibial
APOB	chr2_21071042_A_C	533	695	0.425858	7.13712e-06	0.169471	0.0374804	0.0181982	0.0196894	0.0078831	0.000210995	0.41533273	0.12880534	Muscle_Skeletal
APOB	chr2_20851006_G_A	6	7	0.0194444	0.000190971	-0.913175	0.238274	0.287571	0.290014	0.220252	3.70706e-05	-4.0077243	0.8426242	Minor_Salivary_Gland
APOB	chr2_20952398_C_G	215	246	0.795341	1.52084e-05	0.213904	0.0489918	0.0312969	0.0364442	0.0192848	0.000142202	0.54095525	0.16388197	Lung
APOB	chr2_20885650_T_C	53	58	0.888889	1.4265e-05	0.211757	0.0476239	0.0306969	0.0315592	0.0429312	5.39933e-05	0.27036986	0.16030852	Liver
APOB	chr2_21423512_G_T	6	7	0.0339806	0.000455991	-1.33312	0.364187	0.470153	0.463238	0.40384	1.29072e-05	-2.9353833	1.0234499	Kidney_Cortex
APOB	chr2_21042269_C_A	324	436	0.484444	2.40197e-36	-0.342609	0.0244108	9.999e-05	1.1953e-30	9.8591e-30	0.000100244	-1.2406136	0.11258779	Heart_Left_Ventricle
APOB	chr2_21042269_C_A	330	445	0.483696	3.45599e-15	-0.215832	0.0263136	9.999e-05	4.44666e-11	8.6479e-11	0.000119916	-0.35605502	0.10186041	Heart_Atrial_Appendage
APOB	chr2_21041028_G_A	278	334	0.297683	6.87294e-11	-0.207574	0.0311165	9.999e-05	4.98828e-07	4.2853e-07	0.000164216	-0.5916228	0.1623654	Esophagus_Muscularis
APOB	chr2_21318954_A_G	18	20	0.0162866	0.000150328	-0.738865	0.193549	0.273273	0.267728	0.0840888	0.000209903	-0.8240453	0.5192831	Esophagus_Mucosa
APOB	chr2_21044589_G_A	209	247	0.306452	3.76404e-10	-0.245979	0.0380908	9.999e-05	1.6266e-06	2.48607e-06	8.94086e-05	-0.61320996	0.14658166	Esophagus_Gastroesophageal_Junction
APOB	chr2_20549001_T_C	125	134	0.140167	6.26325e-05	0.280225	0.0692803	0.132887	0.133019	0.0717563	0.000108227	1.2847244	0.28860527	Colon_Transverse
APOB	chr2_21044589_G_A	188	222	0.26555	2.31821e-11	-0.283555	0.0410351	9.999e-05	1.68341e-07	2.56476e-07	0.000108124	-0.7009947	0.22721152	Colon_Sigmoid
APOB	chr2_20536559_C_G	377	462	0.355932	0.000211456	0.0782806	0.0209946	0.341466	0.341981	0.0787637	0.000267213	0.36705843	0.16179092	Cells_Cultured_fibroblasts
APOB	chr2_21086886_C_T	373	478	0.46771	3.86958e-05	0.138696	0.0333616	0.0782922	0.0791815	0.0537778	8.9629e-05	0.61205333	0.22418916	Breast_Mammary_Tissue
APOB	chr2_21041028_G_A	95	117	0.319672	1.17994e-07	-0.472603	0.0847288	0.00029997	0.000269082	0.000948025	3.69432e-05	-0.795579	0.19594485	Brain_Substantia_nigra
APOB	chr2_21082323_A_G	116	139	0.342365	7.51589e-08	-0.503369	0.0893234	0.00029997	0.000214152	0.000502083	5.41708e-05	-0.9899399	0.20050035	Brain_Spinal_cord_cervical_c-1
APOB	chr2_21044589_G_A	132	160	0.3125	1.63308e-07	-0.415644	0.0765762	0.00019998	0.000477792	0.000964232	5.62839e-05	-0.8606453	0.17964542	Brain_Hypothalamus
APOB	chr2_20490383_A_G	53	64	0.415584	0.000138013	-0.43351	0.105317	0.157084	0.157234	0.307763	1.1231e-05	-0.44417804	0.45161083	Bladder
APOB	chr2_21044589_G_A	357	429	0.311321	3.84918e-12	-0.183512	0.025909	9.999e-05	4.1562e-08	2.90634e-08	0.000212805	-0.5359323	0.12587973	Artery_Tibial
APOB	chr2_21682055_C_G	11	11	0.0205224	8.95911e-05	0.926332	0.231953	0.164984	0.164174	0.133891	6.69923e-05	1.0226969	0.6858726	Artery_Coronary
APOB	chr2_21046369_T_A	335	449	0.475636	7.59131e-06	0.13006	0.0286751	0.0172983	0.0198166	0.0118487	0.000135965	0.14261812	0.096398726	Artery_Aorta
APOB	chr2_21192001_C_T	261	294	0.251712	3.00196e-09	0.265365	0.0439529	9.999e-05	1.35756e-05	1.43043e-05	0.00012705	0.78840363	0.19599678	Adipose_Visceral_Omentum
APOB	chr2_21097378_T_C	369	452	0.317862	1.13278e-28	0.356165	0.0305175	9.999e-05	2.32612e-23	4.29618e-23	0.000188734	1.3149896	0.14749622	Adipose_Subcutaneous
